1764889894430 0.006651324278663882 500
1764890105714 0.013302648557327764 1000
1764890316958 0.019953972835991644 1500
1764890528234 0.026605297114655528 2000
1764890740371 0.03325662139331941 2500
1764890951677 0.03990794567198329 3000
1764891162968 0.04655926995064717 3500
1764891374268 0.053210594229311056 4000
1764891443355 0.053210594229311056 4000
1764891654657 0.05986191850797494 4500
1764891866808 0.06651324278663882 5000
1764892078189 0.07316456706530271 5500
1764892289503 0.07981589134396658 6000
1764892500808 0.08646721562263046 6500
1764892713010 0.09311853990129434 7000
1764892924366 0.09976986417995823 7500
1764893135702 0.10642118845862211 8000
1764893204244 0.10642118845862211 8000
1764893419107 0.113072512737286 8500
1764893630459 0.11972383701594988 9000
1764893841790 0.12637516129461376 9500
1764894053181 0.13302648557327765 10000
1764894265367 0.13967780985194153 10500
1764894476811 0.14632913413060541 11000
1764894688210 0.1529804584092693 11500
1764894899550 0.15963178268793315 12000
1764894968110 0.15963178268793315 12000
1764895179478 0.16628310696659704 12500
1764895391695 0.17293443124526092 13000
1764895603084 0.1795857555239248 13500
1764895814434 0.1862370798025887 14000
1764896025795 0.19288840408125257 14500
1764896238026 0.19953972835991646 15000
1764896449396 0.20619105263858034 15500
1764896660750 0.21284237691724422 16000
1764896729347 0.21284237691724422 16000
1764896944214 0.2194937011959081 16500
1764897155579 0.226145025474572 17000
1764897366970 0.23279634975323588 17500
1764897578333 0.23944767403189976 18000
1764897790538 0.24609899831056364 18500
1764898001952 0.2527503225892275 19000
1764898213284 0.2594016468678914 19500
1764898424621 0.2660529711465553 20000
1764898493182 0.2660529711465553 20000
1764898704605 0.2727042954252192 20500
1764898916881 0.27935561970388306 21000
1764899128307 0.28600694398254695 21500
1764899339752 0.29265826826121083 22000
1764899551115 0.2993095925398747 22500
1764899763381 0.3059609168185386 23000
1764899974950 0.3126122410972024 23500
1764900186339 0.3192635653758663 24000
1764900255017 0.3192635653758663 24000
1764900470002 0.3259148896545302 24500
1764900681457 0.3325662139331941 25000
1764900892906 0.33921753821185796 25500
1764901104354 0.34586886249052184 26000
1764901316703 0.35252018676918573 26500
1764901528188 0.3591715110478496 27000
1764901739625 0.3658228353265135 27500
1764901951097 0.3724741596051774 28000
1764902019670 0.3724741596051774 28000
1764902231065 0.37912548388384126 28500
1764902443328 0.38577680816250515 29000
1764902654749 0.39242813244116903 29500
1764902866173 0.3990794567198329 30000
1764903077569 0.4057307809984968 30500
1764903289848 0.4123821052771607 31000
1764903501310 0.41903342955582457 31500
1764903712710 0.42568475383448845 32000
1764903781286 0.42568475383448845 32000
1764903996196 0.43233607811315233 32500
1764904207613 0.4389874023918162 33000
1764904419006 0.4456387266704801 33500
1764904630418 0.452290050949144 34000
1764904842659 0.45894137522780787 34500
1764905054056 0.46559269950647175 35000
1764905265441 0.47224402378513564 35500
1764905476818 0.4788953480637995 36000
1764905545374 0.4788953480637995 36000
1764905756732 0.4855466723424634 36500
1764905968966 0.4921979966211273 37000
1764906180390 0.49884932089979117 37500
1764906391761 0.505500645178455 38000
1764906603149 0.5121519694571189 38500
1764906815393 0.5188032937357828 39000
1764907026830 0.5254546180144467 39500
1764907238240 0.5321059422931106 40000
1764907306816 0.5321059422931106 40000
1764907521740 0.5387572665717745 40500
1764907733149 0.5454085908504384 41000
1764907944528 0.5520599151291022 41500
1764908155920 0.5587112394077661 42000
1764908368133 0.56536256368643 42500
1764908579512 0.5720138879650939 43000
1764908790851 0.5786652122437578 43500
1764909002194 0.5853165365224217 44000
1764909070762 0.5853165365224217 44000
1764909282137 0.5919678608010855 44500
1764909494370 0.5986191850797494 45000
1764909705792 0.6052705093584133 45500
1764909917232 0.6119218336370772 46000
1764910128701 0.6185731579157411 46500
1764910340969 0.6252244821944049 47000
1764910552370 0.6318758064730687 47500
1764910763834 0.6385271307517326 48000
1764910832414 0.6385271307517326 48000
1764911047311 0.6451784550303965 48500
1764911258703 0.6518297793090604 49000
1764911470063 0.6584811035877243 49500
1764911681438 0.6651324278663882 50000
1764911893731 0.671783752145052 50500
1764912105162 0.6784350764237159 51000
1764912316760 0.6850864007023798 51500
1764912528156 0.6917377249810437 52000
1764912596735 0.6917377249810437 52000
1764912808197 0.6983890492597076 52500
1764913020620 0.7050403735383715 53000
1764913232077 0.7116916978170353 53500
1764913443504 0.7183430220956992 54000
1764913654944 0.7249943463743631 54500
1764913867229 0.731645670653027 55000
1764914079332 0.7382969949316909 55500
1764914290767 0.7449483192103548 56000
1764914359321 0.7449483192103548 56000
1764914574365 0.7515996434890186 56500
1764914785803 0.7582509677676825 57000
1764914997280 0.7649022920463464 57500
1764915208735 0.7715536163250103 58000
1764915420986 0.7782049406036742 58500
1764915632488 0.7848562648823381 59000
1764915844061 0.791507589161002 59500
1764916056023 0.7981589134396658 60000
1764916124745 0.7981589134396658 60000
1764916336375 0.8048102377183297 60500
1764916548646 0.8114615619969936 61000
1764916760091 0.8181128862756575 61500
1764916971508 0.8247642105543214 62000
1764917182902 0.8314155348329852 62500
1764917395124 0.8380668591116491 63000
1764917606514 0.844718183390313 63500
1764917817902 0.8513695076689769 64000
1764917886473 0.8513695076689769 64000
1764918101481 0.8580208319476408 64500
1764918312907 0.8646721562263047 65000
1764918524305 0.8713234805049686 65500
1764918735715 0.8779748047836324 66000
1764918947972 0.8846261290622963 66500
1764919159407 0.8912774533409602 67000
1764919370805 0.8979287776196241 67500
1764919582225 0.904580101898288 68000
1764919650794 0.904580101898288 68000
1764919862160 0.9112314261769519 68500
1764920074427 0.9178827504556157 69000
1764920285819 0.9245340747342796 69500
1764920497192 0.9311853990129435 70000
1764920708622 0.9378367232916074 70500
1764920920846 0.9444880475702713 71000
1764921132843 0.9511393718489352 71500
1764921344302 0.957790696127599 72000
1764921412902 0.957790696127599 72000
1764921627934 0.9644420204062629 72500
1764921839372 0.9710933446849268 73000
1764922050808 0.9777446689635907 73500
1764922262235 0.9843959932422546 74000
1764922474505 0.9910473175209185 74500
1764922685984 0.9976986417995823 75000
1764922899883 1.0043499660782462 75500
1764923111346 1.01100129035691 76000
1764923179942 1.01100129035691 76000
1764923391335 1.017652614635574 76500
1764923603598 1.0243039389142379 77000
1764923815000 1.0309552631929018 77500
1764924026414 1.0376065874715656 78000
1764924237822 1.0442579117502295 78500
1764924450061 1.0509092360288934 79000
1764924661461 1.0575605603075573 79500
1764924872860 1.0642118845862212 80000
1764924941409 1.0642118845862212 80000
1764925156337 1.070863208864885 80500
1764925367779 1.077514533143549 81000
1764925579233 1.0841658574222128 81500
1764925790667 1.0908171817008767 82000
1764926002933 1.0974685059795406 82500
1764926214429 1.1041198302582045 83000
1764926425857 1.1107711545368684 83500
1764926637322 1.1174224788155322 84000
1764926705899 1.1174224788155322 84000
1764926917326 1.1240738030941961 84500
1764927129599 1.13072512737286 85000
1764927341025 1.137376451651524 85500
1764927552429 1.1440277759301878 86000
1764927763845 1.1506791002088517 86500
1764927976106 1.1573304244875156 87000
1764928187541 1.1639817487661794 87500
1764928398957 1.1706330730448433 88000
1764928467544 1.1706330730448433 88000
1764928683152 1.1772843973235072 88500
1764928894768 1.183935721602171 89000
1764929106365 1.190587045880835 89500
1764929317949 1.1972383701594986 90000
1764929530428 1.2038896944381627 90500
1764929742050 1.2105410187168264 91000
1764929953655 1.2171923429954905 91500
1764930165282 1.2238436672741542 92000
1764930233917 1.2238436672741542 92000
1764930445605 1.2304949915528183 92500
1764930658186 1.237146315831482 93000
1764930869912 1.243797640110146 93500
1764931081635 1.2504489643888097 94000
1764931293419 1.2571002886674738 94500
1764931506057 1.2637516129461375 95000
1764931717794 1.2704029372248016 95500
1764931929544 1.2770542615034652 96000
1764931998173 1.2770542615034652 96000
1764932213372 1.2837055857821293 96500
1764932425070 1.290356910060793 97000
1764932636759 1.2970082343394571 97500
1764932848473 1.3036595586181208 98000
1764933061027 1.3103108828967849 98500
1764933272711 1.3169622071754485 99000
1764933484380 1.3236135314541126 99500
1764933696050 1.3302648557327763 100000
1764933764706 1.3302648557327763 100000
1764933976319 1.3369161800114404 100500
1764934188784 1.343567504290104 101000
1764934400373 1.350218828568768 101500
1764934611983 1.3568701528474318 102000
1764934823588 1.3635214771260957 102500
1764935036100 1.3701728014047596 103000
1764935247789 1.3768241256834235 103500
1764935459366 1.3834754499620874 104000
1764935528014 1.3834754499620874 104000
1764935743264 1.3901267742407513 104500
1764935954890 1.3967780985194151 105000
1764936166518 1.403429422798079 105500
1764936378118 1.410080747076743 106000
1764936590566 1.4167320713554068 106500
1764936802197 1.4233833956340707 107000
1764937013806 1.4300347199127346 107500
1764937225424 1.4366860441913984 108000
1764937294072 1.4366860441913984 108000
1764937505693 1.4433373684700623 108500
1764937718189 1.4499886927487262 109000
1764937929824 1.45664001702739 109500
1764938141454 1.463291341306054 110000
1764938353098 1.4699426655847179 110500
1764938565553 1.4765939898633818 111000
1764938777208 1.4832453141420456 111500
1764938988791 1.4898966384207095 112000
1764939057395 1.4898966384207095 112000
1764939272590 1.4965479626993734 112500
1764939484209 1.5031992869780373 113000
1764939695808 1.5098506112567012 113500
1764939907433 1.516501935535365 114000
1764940119915 1.523153259814029 114500
1764940331594 1.5298045840926928 115000
1764940543185 1.5364559083713567 115500
1764940754766 1.5431072326500206 116000
1764940823423 1.5431072326500206 116000
1764941035081 1.5497585569286845 116500
1764941247624 1.5564098812073484 117000
1764941459281 1.5630612054860122 117500
1764941670890 1.5697125297646761 118000
1764941882533 1.57636385404334 118500
1764942095051 1.583015178322004 119000
1764942306756 1.5896665026006678 119500
1764942518392 1.5963178268793317 120000
1764942587027 1.5963178268793317 120000
1764942802370 1.6029691511579955 120500
1764943014048 1.6096204754366594 121000
1764943225638 1.6162717997153233 121500
1764943437244 1.6229231239939872 122000
1764943649731 1.629574448272651 122500
1764943861363 1.636225772551315 123000
1764944072974 1.6428770968299788 123500
1764944284637 1.6495284211086427 124000
1764944353275 1.6495284211086427 124000
1764944564932 1.6561797453873066 124500
1764944777393 1.6628310696659705 125000
1764944989055 1.6694823939446344 125500
1764945200627 1.6761337182232983 126000
1764945412254 1.6827850425019621 126500
1764945624784 1.689436366780626 127000
1764945836398 1.69608769105929 127500
1764946048014 1.7027390153379538 128000
1764946116639 1.7027390153379538 128000
1764946331821 1.7093903396166177 128500
1764946543451 1.7160416638952816 129000
1764946755066 1.7226929881739454 129500
1764946966677 1.7293443124526093 130000
1764947179154 1.7359956367312732 130500
1764947390768 1.742646961009937 131000
1764947602343 1.749298285288601 131500
1764947813941 1.7559496095672649 132000
1764947882673 1.7559496095672649 132000
1764948094247 1.7626009338459288 132500
1764948306718 1.7692522581245926 133000
1764948518330 1.7759035824032565 133500
1764948729947 1.7825549066819204 134000
1764948941579 1.7892062309605843 134500
1764949154060 1.7958575552392482 135000
1764949365683 1.802508879517912 135500
1764949577310 1.809160203796576 136000
1764949645957 1.809160203796576 136000
1764949861714 1.8158115280752398 136500
1764950073363 1.8224628523539037 137000
1764950285005 1.8291141766325676 137500
1764950496650 1.8357655009112315 138000
1764950709173 1.8424168251898954 138500
1764950920800 1.8490681494685592 139000
1764951132393 1.8557194737472231 139500
1764951343951 1.862370798025887 140000
1764951412585 1.862370798025887 140000
1764951624192 1.8690221223045507 140500
1764951836649 1.8756734465832148 141000
1764952048266 1.8823247708618784 141500
1764952259871 1.8889760951405425 142000
1764952471985 1.8956274194192062 142500
1764952685009 1.9022787436978703 143000
1764952896774 1.908930067976534 143500
1764953108638 1.915581392255198 144000
1764953177525 1.915581392255198 144000
1764953393723 1.9222327165338617 144500
1764953605681 1.9288840408125258 145000
1764953817326 1.9355353650911895 145500
1764954029007 1.9421866893698536 146000
1764954241511 1.9488380136485173 146500
1764954453219 1.9554893379271814 147000
1764954664862 1.962140662205845 147500
1764954876504 1.9687919864845091 148000
1764954945142 1.9687919864845091 148000
1764955156865 1.9754433107631728 148500
1764955369339 1.982094635041837 149000
1764955580977 1.9887459593205006 149500
1764955792607 1.9953972835991647 150000
1764956006439 2.0020486078778283 150500
1764956218907 2.0086999321564925 151000
1764956430386 2.015351256435156 151500
1764956641878 2.02200258071382 152000
1764956710469 2.02200258071382 152000
1764956926410 2.028653904992484 152500
1764957137923 2.035305229271148 153000
1764957349395 2.0419565535498116 153500
1764957560905 2.0486078778284758 154000
1764957773263 2.0552592021071394 154500
1764957984791 2.0619105263858035 155000
1764958196243 2.068561850664467 155500
1764958407741 2.0752131749431313 156000
1764958476331 2.0752131749431313 156000
1764958687821 2.081864499221795 156500
1764958900169 2.088515823500459 157000
1764959111731 2.0951671477791227 157500
1764959323220 2.101818472057787 158000
1764959534748 2.1084697963364505 158500
1764959747196 2.1151211206151146 159000
1764959958791 2.1217724448937783 159500
1764960170267 2.1284237691724424 160000
1764960238865 2.1284237691724424 160000
1764960454023 2.135075093451106 160500
1764960665491 2.14172641772977 161000
1764960876937 2.148377742008434 161500
1764961088379 2.155029066287098 162000
1764961300635 2.1616803905657616 162500
1764961512094 2.1683317148444257 163000
1764961723511 2.1749830391230893 163500
1764961934967 2.1816343634017534 164000
1764962003553 2.1816343634017534 164000
1764962214955 2.188285687680417 164500
1764962427230 2.194937011959081 165000
1764962638678 2.201588336237745 165500
1764962850084 2.208239660516409 166000
1764963061519 2.2148909847950726 166500
1764963273792 2.2215423090737367 167000
1764963485246 2.2281936333524004 167500
1764963696743 2.2348449576310645 168000
1764963765317 2.2348449576310645 168000
1764963981362 2.241496281909728 168500
1764964192992 2.2481476061883923 169000
1764964404491 2.254798930467056 169500
1764964615937 2.26145025474572 170000
1764964828296 2.2681015790243837 170500
1764965039736 2.274752903303048 171000
1764965251188 2.2814042275817115 171500
1764965462619 2.2880555518603756 172000
1764965531198 2.2880555518603756 172000
1764965742683 2.2947068761390392 172500
1764965955033 2.3013582004177033 173000
1764966166502 2.308009524696367 173500
1764966377932 2.314660848975031 174000
1764966589370 2.3213121732536948 174500
1764966801717 2.327963497532359 175000
1764967013155 2.3346148218110225 175500
1764967224544 2.3412661460896866 176000
1764967293133 2.3412661460896866 176000
1764967508667 2.3479174703683503 176500
1764967720131 2.3545687946470144 177000
1764967931604 2.361220118925678 177500
1764968143039 2.367871443204342 178000
1764968355412 2.374522767483006 178500
1764968566880 2.38117409176167 179000
1764968778340 2.3878254160403336 179500
1764968989828 2.3944767403189973 180000
1764969058420 2.3944767403189973 180000
1764969269907 2.4011280645976614 180500
1764969482244 2.4077793888763255 181000
1764969693693 2.414430713154989 181500
1764969905182 2.421082037433653 182000
1764970116705 2.427733361712317 182500
1764970329087 2.434384685990981 183000
1764970540650 2.4410360102696447 183500
1764970752141 2.4476873345483083 184000
1764970820735 2.4476873345483083 184000
1764971036864 2.4543386588269724 184500
1764971248335 2.4609899831056365 185000
1764971459806 2.4676413073843 185500
1764971671306 2.474292631662964 186000
1764971883625 2.480943955941628 186500
1764972095095 2.487595280220292 187000
1764972306538 2.4942466044989557 187500
1764972518030 2.5008979287776194 188000
1764972586615 2.5008979287776194 188000
1764972798112 2.5075492530562835 188500
1764973010498 2.5142005773349476 189000
1764973221977 2.5208519016136113 189500
1764973433408 2.527503225892275 190000
1764973644913 2.534154550170939 190500
1764973857310 2.540805874449603 191000
1764974068827 2.547457198728267 191500
1764974280281 2.5541085230069305 192000
1764974348885 2.5541085230069305 192000
1764974564307 2.5607598472855946 192500
1764974775833 2.5674111715642587 193000
1764974987301 2.5740624958429223 193500
1764975198779 2.580713820121586 194000
1764975411186 2.58736514440025 194500
1764975622796 2.5940164686789142 195000
1764975834269 2.600667792957578 195500
1764976045772 2.6073191172362415 196000
1764976114378 2.6073191172362415 196000
1764976325871 2.6139704415149057 196500
1764976538185 2.6206217657935698 197000
1764976749699 2.6272730900722334 197500
1764976961633 2.633924414350897 198000
1764977173583 2.640575738629561 198500
1764977386447 2.6472270629082253 199000
1764977598429 2.653878387186889 199500
1764977810164 2.6605297114655526 200000
1764977878791 2.6605297114655526 200000
1764977881916 2.6605297114655526 200000
