1764889894430 1.016669511795044 500
1764890105714 0.9278856515884399 1000
1764890316958 1.0646915435791016 1500
1764890528234 0.834245502948761 2000
1764890740371 0.9108795523643494 2500
1764890951677 1.0966867208480835 3000
1764891162968 1.0928339958190918 3500
1764891374268 1.0589373111724854 4000
1764891654657 1.0781065225601196 4500
1764891866808 1.1272051334381104 5000
1764892078189 1.0641595125198364 5500
1764892289503 1.1428042650222778 6000
1764892500808 1.055932641029358 6500
1764892713010 1.0539506673812866 7000
1764892924366 1.0276848077774048 7500
1764893135702 1.0099847316741943 8000
1764893419107 1.0183135271072388 8500
1764893630459 1.0079665184020996 9000
1764893841790 0.9866782426834106 9500
1764894053181 0.9544540643692017 10000
1764894265367 0.998138964176178 10500
1764894476811 0.9192882776260376 11000
1764894688210 0.9800941944122314 11500
1764894899550 0.9794800877571106 12000
1764895179478 0.9625160694122314 12500
1764895391695 0.965172290802002 13000
1764895603084 0.9293417930603027 13500
1764895814434 0.9366447925567627 14000
1764896025795 0.95317542552948 14500
1764896238026 0.9435209035873413 15000
1764896449396 0.908859133720398 15500
1764896660750 0.9454135298728943 16000
1764896944214 0.9612001180648804 16500
1764897155579 0.9682851433753967 17000
1764897366970 0.9442500472068787 17500
1764897578333 0.8971974849700928 18000
1764897790538 0.9361608028411865 18500
1764898001952 0.9157769083976746 19000
1764898213284 0.9673575758934021 19500
1764898424621 0.934908390045166 20000
1764898704605 0.9374933838844299 20500
1764898916881 0.9428404569625854 21000
1764899128307 0.9433468580245972 21500
1764899339752 0.9258511066436768 22000
1764899551115 0.9386436939239502 22500
1764899763381 0.9567722082138062 23000
1764899974950 0.9687854647636414 23500
1764900186339 0.9018370509147644 24000
1764900470002 0.9269947409629822 24500
1764900681457 0.958838939666748 25000
1764900892906 0.9411574006080627 25500
1764901104354 0.9600181579589844 26000
1764901316703 0.9449119567871094 26500
1764901528188 0.967936098575592 27000
1764901739625 0.9138067960739136 27500
1764901951097 0.9522227048873901 28000
1764902231065 0.9131443500518799 28500
1764902443328 0.958520770072937 29000
1764902654749 0.9474811553955078 29500
1764902866173 0.958376407623291 30000
1764903077569 0.9182952642440796 30500
1764903289848 0.9349849820137024 31000
1764903501310 0.9314360022544861 31500
1764903712710 0.9547092914581299 32000
1764903996196 0.914483368396759 32500
1764904207613 0.9135133028030396 33000
1764904419006 0.9313774108886719 33500
1764904630418 0.8838228583335876 34000
1764904842659 0.9380292892456055 34500
1764905054056 0.9308055639266968 35000
1764905265441 0.9259210824966431 35500
1764905476818 0.9532458782196045 36000
1764905756732 0.9391476511955261 36500
1764905968966 0.9262871146202087 37000
1764906180390 0.9566338062286377 37500
1764906391761 0.9298084378242493 38000
1764906603149 0.9215790629386902 38500
1764906815393 0.9217231869697571 39000
1764907026830 0.967790961265564 39500
1764907238240 0.9273873567581177 40000
1764907521740 0.9639022946357727 40500
1764907733149 0.9821880459785461 41000
1764907944528 0.9020625948905945 41500
1764908155920 0.9721989035606384 42000
1764908368133 0.9662153720855713 42500
1764908579512 0.932087242603302 43000
1764908790851 0.9375743865966797 43500
1764909002194 0.9497411251068115 44000
1764909282137 0.9657978415489197 44500
1764909494370 0.9496844410896301 45000
1764909705792 0.9563263058662415 45500
1764909917232 0.9308322072029114 46000
1764910128701 0.9617683291435242 46500
1764910340969 0.9617311954498291 47000
1764910552370 0.9510470032691956 47500
1764910763834 0.9406449794769287 48000
1764911047311 0.9342439770698547 48500
1764911258703 0.8945465683937073 49000
1764911470063 0.9419219493865967 49500
1764911681438 0.9669551849365234 50000
1764911893731 0.9210495948791504 50500
1764912105162 0.9450191855430603 51000
1764912316760 0.9546412825584412 51500
1764912528156 0.9142117500305176 52000
1764912808197 0.9593090415000916 52500
1764913020620 0.9784867167472839 53000
1764913232077 0.9607489705085754 53500
1764913443504 0.922310471534729 54000
1764913654944 0.9066508412361145 54500
1764913867229 0.9510566592216492 55000
1764914079332 0.9309551119804382 55500
1764914290767 0.9461361169815063 56000
1764914574365 0.9825282692909241 56500
1764914785803 0.9473170042037964 57000
1764914997280 0.9478529691696167 57500
1764915208735 0.9505330324172974 58000
1764915420986 0.9734330773353577 58500
1764915632488 0.9902610778808594 59000
1764915844061 0.9463030099868774 59500
1764916056023 0.9540089964866638 60000
1764916336375 0.9784886240959167 60500
1764916548646 0.9698335528373718 61000
1764916760091 0.9476817846298218 61500
1764916971508 0.9798535108566284 62000
1764917182902 0.9349350333213806 62500
1764917395124 0.9834679961204529 63000
1764917606514 0.9541329145431519 63500
1764917817902 0.9308173656463623 64000
1764918101481 0.9326989650726318 64500
1764918312907 0.9647071957588196 65000
1764918524305 1.017393708229065 65500
1764918735715 0.9258057475090027 66000
1764918947972 0.9480254054069519 66500
1764919159407 0.9652577638626099 67000
1764919370805 0.9642841815948486 67500
1764919582225 0.9875929951667786 68000
1764919862160 0.9641866087913513 68500
1764920074427 1.0157679319381714 69000
1764920285819 0.9384438395500183 69500
1764920497192 0.9853691458702087 70000
1764920708622 0.9615816473960876 70500
1764920920846 0.9289830327033997 71000
1764921132843 0.948266863822937 71500
1764921344302 0.981662929058075 72000
1764921627934 0.9862134456634521 72500
1764921839372 0.9748702049255371 73000
1764922050808 0.9232451319694519 73500
1764922262235 0.9782866835594177 74000
1764922474505 0.9261842370033264 74500
1764922685984 0.9753302931785583 75000
1764922899883 0.9743845462799072 75500
1764923111346 0.9399558305740356 76000
1764923391335 0.9826614260673523 76500
1764923603598 1.0200486183166504 77000
1764923815000 0.9388411641120911 77500
1764924026414 1.0012232065200806 78000
1764924237822 1.0213520526885986 78500
1764924450061 0.9806460738182068 79000
1764924661461 0.9930119514465332 79500
1764924872860 0.9728995561599731 80000
1764925156337 1.0040737390518188 80500
1764925367779 0.965228796005249 81000
1764925579233 1.0594505071640015 81500
1764925790667 0.9987441301345825 82000
1764926002933 0.9713342189788818 82500
1764926214429 0.9783204793930054 83000
1764926425857 0.9262385964393616 83500
1764926637322 0.9826915860176086 84000
1764926917326 0.9545979499816895 84500
1764927129599 1.0021843910217285 85000
1764927341025 1.0363893508911133 85500
1764927552429 0.982014536857605 86000
1764927763845 1.0306483507156372 86500
1764927976106 0.981164813041687 87000
1764928187541 0.9900550246238708 87500
1764928398957 0.9887098073959351 88000
1764928683152 0.9652602672576904 88500
1764928894768 0.9860059022903442 89000
1764929106365 0.9819537997245789 89500
1764929317949 0.9254264831542969 90000
1764929530428 1.0069252252578735 90500
1764929742050 0.9812232851982117 91000
1764929953655 0.9491616487503052 91500
1764930165282 1.0380923748016357 92000
1764930445605 0.9612571597099304 92500
1764930658186 0.9951655268669128 93000
1764930869912 1.0475324392318726 93500
1764931081635 0.9635195732116699 94000
1764931293419 1.0343317985534668 94500
1764931506057 1.005733847618103 95000
1764931717794 0.9949072003364563 95500
1764931929544 0.9973832964897156 96000
1764932213372 1.0187581777572632 96500
1764932425070 1.0232641696929932 97000
1764932636759 0.9720901846885681 97500
1764932848473 0.9406309723854065 98000
1764933061027 0.9693337678909302 98500
1764933272711 1.0008296966552734 99000
1764933484380 1.0057001113891602 99500
1764933696050 1.0286380052566528 100000
1764933976319 1.0081244707107544 100500
1764934188784 1.004512071609497 101000
1764934400373 1.0150575637817383 101500
1764934611983 0.9795798659324646 102000
1764934823588 1.0170894861221313 102500
1764935036100 0.9881876111030579 103000
1764935247789 1.031049370765686 103500
1764935459366 1.0228573083877563 104000
1764935743264 1.0316507816314697 104500
1764935954890 1.0090683698654175 105000
1764936166518 0.9963520169258118 105500
1764936378118 1.0340299606323242 106000
1764936590566 1.0443997383117676 106500
1764936802197 1.0108813047409058 107000
1764937013806 1.0336103439331055 107500
1764937225424 1.0151374340057373 108000
1764937505693 1.0161409378051758 108500
1764937718189 1.0106185674667358 109000
1764937929824 1.0240163803100586 109500
1764938141454 1.0043680667877197 110000
1764938353098 1.0361543893814087 110500
1764938565553 1.0199344158172607 111000
1764938777208 1.0256162881851196 111500
1764938988791 1.047304630279541 112000
1764939272590 0.9954107403755188 112500
1764939484209 1.0621068477630615 113000
1764939695808 0.9779807329177856 113500
1764939907433 1.023371696472168 114000
1764940119915 1.0479058027267456 114500
1764940331594 1.0281000137329102 115000
1764940543185 1.0313811302185059 115500
1764940754766 1.0293664932250977 116000
1764941035081 0.9780178070068359 116500
1764941247624 1.0197341442108154 117000
1764941459281 1.0255464315414429 117500
1764941670890 1.0101133584976196 118000
1764941882533 1.0334093570709229 118500
1764942095051 1.0225223302841187 119000
1764942306756 1.0483193397521973 119500
1764942518392 1.083032488822937 120000
1764942802370 1.0883891582489014 120500
1764943014048 1.0266976356506348 121000
1764943225638 1.0097557306289673 121500
1764943437244 1.0439459085464478 122000
1764943649731 1.0015308856964111 122500
1764943861363 1.0410529375076294 123000
1764944072974 1.037416696548462 123500
1764944284637 1.0460869073867798 124000
1764944564932 1.0802102088928223 124500
1764944777393 1.0609965324401855 125000
1764944989055 0.9899526238441467 125500
1764945200627 1.128246545791626 126000
1764945412254 1.0684128999710083 126500
1764945624784 0.9998721480369568 127000
1764945836398 0.9796900749206543 127500
1764946048014 1.045539379119873 128000
1764946331821 1.1004648208618164 128500
1764946543451 1.066102147102356 129000
1764946755066 1.0541658401489258 129500
1764946966677 1.0583643913269043 130000
1764947179154 1.0776039361953735 130500
1764947390768 1.09954035282135 131000
1764947602343 1.0114527940750122 131500
1764947813941 1.0424748659133911 132000
1764948094247 1.0191473960876465 132500
1764948306718 1.102441430091858 133000
1764948518330 0.9949057698249817 133500
1764948729947 1.0161150693893433 134000
1764948941579 1.0476179122924805 134500
1764949154060 1.0284677743911743 135000
1764949365683 1.0592715740203857 135500
1764949577310 1.040895700454712 136000
1764949861714 1.0981464385986328 136500
1764950073363 1.1227384805679321 137000
1764950285005 1.036143183708191 137500
1764950496650 1.088086724281311 138000
1764950709173 1.0684053897857666 138500
1764950920800 1.0732108354568481 139000
1764951132393 1.100846529006958 139500
1764951343951 1.0457074642181396 140000
1764951624192 1.1118370294570923 140500
1764951836649 1.070695400238037 141000
1764952048266 1.0860531330108643 141500
1764952259871 1.1050337553024292 142000
1764952471985 1.180627465248108 142500
1764952685009 1.0845763683319092 143000
1764952896774 1.104945182800293 143500
1764953108638 1.0690990686416626 144000
1764953393723 1.0689066648483276 144500
1764953605681 1.0556180477142334 145000
1764953817326 1.0778448581695557 145500
1764954029007 1.09306001663208 146000
1764954241511 1.11211359500885 146500
1764954453219 1.143201231956482 147000
1764954664862 1.1613357067108154 147500
1764954876504 1.1292976140975952 148000
1764955156865 1.1420633792877197 148500
1764955369339 1.0842162370681763 149000
1764955580977 1.128328800201416 149500
1764955792607 1.1116474866867065 150000
1764956006439 1.1165443658828735 150500
1764956218907 1.1099640130996704 151000
1764956430386 1.1327816247940063 151500
1764956641878 1.074841022491455 152000
1764956926410 1.0905948877334595 152500
1764957137923 1.0802037715911865 153000
1764957349395 1.119020938873291 153500
1764957560905 1.0882561206817627 154000
1764957773263 1.1385425329208374 154500
1764957984791 1.1758917570114136 155000
1764958196243 1.0754773616790771 155500
1764958407741 1.1290416717529297 156000
1764958687821 1.0704420804977417 156500
1764958900169 1.1425031423568726 157000
1764959111731 1.1208254098892212 157500
1764959323220 1.153520107269287 158000
1764959534748 1.1060426235198975 158500
1764959747196 1.1327195167541504 159000
1764959958791 1.1794410943984985 159500
1764960170267 1.139552354812622 160000
1764960454023 1.1135939359664917 160500
1764960665491 1.1456321477890015 161000
1764960876937 1.1062865257263184 161500
1764961088379 1.1161457300186157 162000
1764961300635 1.1023685932159424 162500
1764961512094 1.1204338073730469 163000
1764961723511 1.1545722484588623 163500
1764961934967 1.1106442213058472 164000
1764962214955 1.166858434677124 164500
1764962427230 1.172622799873352 165000
1764962638678 1.1399214267730713 165500
1764962850084 1.131678819656372 166000
1764963061519 1.118045687675476 166500
1764963273792 1.1477957963943481 167000
1764963485246 1.181243896484375 167500
1764963696743 1.1311124563217163 168000
1764963981362 1.1403639316558838 168500
1764964192992 1.145707607269287 169000
1764964404491 1.1119948625564575 169500
1764964615937 1.1776536703109741 170000
1764964828296 1.1621003150939941 170500
1764965039736 1.1442692279815674 171000
1764965251188 1.1204826831817627 171500
1764965462619 1.099806785583496 172000
1764965742683 1.1800419092178345 172500
1764965955033 1.1288572549819946 173000
1764966166502 1.1042358875274658 173500
1764966377932 1.1873133182525635 174000
1764966589370 1.1606253385543823 174500
1764966801717 1.155802607536316 175000
1764967013155 1.1864204406738281 175500
1764967224544 1.1136020421981812 176000
1764967508667 1.146937370300293 176500
1764967720131 1.1623932123184204 177000
1764967931604 1.1744885444641113 177500
1764968143039 1.1796563863754272 178000
1764968355412 1.1612577438354492 178500
1764968566880 1.1830894947052002 179000
1764968778340 1.1683964729309082 179500
1764968989828 1.1760532855987549 180000
1764969269907 1.1845611333847046 180500
1764969482244 1.2000943422317505 181000
1764969693693 1.1681147813796997 181500
1764969905182 1.1266857385635376 182000
1764970116705 1.1618437767028809 182500
1764970329087 1.1962167024612427 183000
1764970540650 1.1094403266906738 183500
1764970752141 1.1283093690872192 184000
1764971036864 1.1942311525344849 184500
1764971248335 1.1677290201187134 185000
1764971459806 1.1568411588668823 185500
1764971671306 1.1825367212295532 186000
1764971883625 1.136376142501831 186500
1764972095095 1.1710107326507568 187000
1764972306538 1.2111408710479736 187500
1764972518030 1.1839886903762817 188000
1764972798112 1.2065588235855103 188500
1764973010498 1.1709755659103394 189000
1764973221977 1.1360410451889038 189500
1764973433408 1.1930440664291382 190000
1764973644913 1.1496630907058716 190500
1764973857310 1.2052384614944458 191000
1764974068827 1.1703433990478516 191500
1764974280281 1.1448756456375122 192000
1764974564307 1.1758811473846436 192500
1764974775833 1.1270393133163452 193000
1764974987301 1.2179945707321167 193500
1764975198779 1.1632286310195923 194000
1764975411186 1.2120070457458496 194500
1764975622796 1.1832350492477417 195000
1764975834269 1.191588282585144 195500
1764976045772 1.1436687707901 196000
1764976325871 1.15334153175354 196500
1764976538185 1.1706935167312622 197000
1764976749699 1.1631306409835815 197500
1764976961633 1.1602613925933838 198000
1764977173583 1.1508963108062744 198500
1764977386447 1.1192482709884644 199000
1764977598429 1.107905626296997 199500
1764977810164 1.1479216814041138 200000
