1764889894430 0.0004988847211802951 500
1764890105714 0.0004976344086021505 1000
1764890316958 0.000496384096024006 1500
1764890528234 0.0004951337834458615 2000
1764890740371 0.000493883470867717 2500
1764890951677 0.0004926331582895723 3000
1764891162968 0.0004913828457114279 3500
1764891374268 0.0004901325331332833 4000
1764891654657 0.0004888822205551388 4500
1764891866808 0.00048763190797699424 5000
1764892078189 0.0004863815953988497 5500
1764892289503 0.0004851312828207052 6000
1764892500808 0.0004838809702425607 6500
1764892713010 0.0004826306576644161 7000
1764892924366 0.00048138034508627157 7500
1764893135702 0.00048013003250812705 8000
1764893419107 0.0004788797199299825 8500
1764893630459 0.00047762940735183795 9000
1764893841790 0.0004763790947736935 9500
1764894053181 0.0004751287821955489 10000
1764894265367 0.0004738784696174044 10500
1764894476811 0.0004726281570392598 11000
1764894688210 0.00047137784446111533 11500
1764894899550 0.00047012753188297075 12000
1764895179478 0.00046887721930482623 12500
1764895391695 0.00046762690672668165 13000
1764895603084 0.0004663765941485372 13500
1764895814434 0.0004651262815703926 14000
1764896025795 0.00046387846961740435 14500
1764896238026 0.0004626281570392598 15000
1764896449396 0.0004613803450862716 15500
1764896660750 0.000460130032508127 16000
1764896944214 0.0004588797199299825 16500
1764897155579 0.00045762940735183795 17000
1764897366970 0.0004563790947736934 17500
1764897578333 0.0004551312828207052 18000
1764897790538 0.00045388097024256065 18500
1764898001952 0.0004526306576644161 19000
1764898213284 0.00045138034508627155 19500
1764898424621 0.0004501300325081271 20000
1764898704605 0.0004488797199299825 20500
1764898916881 0.00044763190797699425 21000
1764899128307 0.0004463815953988497 21500
1764899339752 0.0004451312828207052 22000
1764899551115 0.0004438859714928732 22500
1764899763381 0.0004426356589147287 23000
1764899974950 0.00044138534633658417 23500
1764900186339 0.0004401350337584396 24000
1764900470002 0.0004388847211802951 24500
1764900681457 0.00043763440860215055 25000
1764900892906 0.000436384096024006 25500
1764901104354 0.00043513378344586144 26000
1764901316703 0.000433883470867717 26500
1764901528188 0.0004326331582895724 27000
1764901739625 0.0004313828457114279 27500
1764901951097 0.0004301325331332833 28000
1764902231065 0.0004288822205551388 28500
1764902443328 0.00042763190797699425 29000
1764902654749 0.0004263815953988497 29500
1764902866173 0.0004251312828207052 30000
1764903077569 0.00042388347086771695 30500
1764903289848 0.00042263315828957237 31000
1764903501310 0.0004213828457114279 31500
1764903712710 0.00042013503375843965 32000
1764903996196 0.00041888472118029507 32500
1764904207613 0.00041763440860215055 33000
1764904419006 0.000416384096024006 33500
1764904630418 0.0004151337834458615 34000
1764904842659 0.0004138834708677169 34500
1764905054056 0.0004126331582895724 35000
1764905265441 0.0004113828457114279 35500
1764905476818 0.0004101350337584396 36000
1764905756732 0.00040888472118029504 36500
1764905968966 0.00040763690922730685 37000
1764906180390 0.00040638659664916227 37500
1764906391761 0.00040513628407101774 38000
1764906603149 0.0004038859714928732 38500
1764906815393 0.00040263815953988497 39000
1764907026830 0.00040138784696174044 39500
1764907238240 0.0004001375343835959 40000
1764907521740 0.0003988872218054514 40500
1764907733149 0.0003976369092273068 41000
1764907944528 0.0003963865966491623 41500
1764908155920 0.00039513628407101777 42000
1764908368133 0.00039388597149287325 42500
1764908579512 0.00039263815953988494 43000
1764908790851 0.00039138784696174047 43500
1764909002194 0.00039014003500875217 44000
1764909282137 0.00038888972243060764 44500
1764909494370 0.0003876394098524631 45000
1764909705792 0.0003863890972743186 45500
1764909917232 0.000385138784696174 46000
1764910128701 0.0003838884721180295 46500
1764910340969 0.00038263815953988497 47000
1764910552370 0.0003813903475868967 47500
1764910763834 0.0003801400350087522 48000
1764911047311 0.00037888972243060767 48500
1764911258703 0.00037763940985246315 49000
1764911470063 0.00037638909727431857 49500
1764911681438 0.0003751387846961741 50000
1764911893731 0.0003738884721180295 50500
1764912105162 0.000372638159539885 51000
1764912316760 0.0003713903475868967 51500
1764912528156 0.0003701400350087522 52000
1764912808197 0.00036888972243060764 52500
1764913020620 0.0003676394098524631 53000
1764913232077 0.0003663890972743186 53500
1764913443504 0.00036514128532133034 54000
1764913654944 0.00036389097274318577 54500
1764913867229 0.0003626406601650413 55000
1764914079332 0.0003613903475868967 55500
1764914290767 0.0003601400350087522 56000
1764914574365 0.0003588897224306076 56500
1764914785803 0.0003576419104776194 57000
1764914997280 0.0003563915978994749 57500
1764915208735 0.0003551412853213303 58000
1764915420986 0.0003538959739934984 58500
1764915632488 0.00035264566141535387 59000
1764915844061 0.0003513953488372093 59500
1764916056023 0.0003501450362590648 60000
1764916336375 0.00034889472368092024 60500
1764916548646 0.0003476444111027757 61000
1764916760091 0.00034639409852463114 61500
1764916971508 0.00034514378594648667 62000
1764917182902 0.0003438934733683421 62500
1764917395124 0.00034264566141535384 63000
1764917606514 0.0003413978494623656 63500
1764917817902 0.00034014753688422106 64000
1764918101481 0.0003388972243060765 64500
1764918312907 0.000337646911727932 65000
1764918524305 0.00033639659914978744 65500
1764918735715 0.0003351462865716429 66000
1764918947972 0.00033389597399349834 66500
1764919159407 0.00033264566141535387 67000
1764919370805 0.0003313953488372093 67500
1764919582225 0.00033014503625906477 68000
1764919862160 0.00032889722430607657 68500
1764920074427 0.000327646911727932 69000
1764920285819 0.00032639659914978747 69500
1764920497192 0.0003251462865716429 70000
1764920708622 0.0003238959739934984 70500
1764920920846 0.00032264566141535384 71000
1764921132843 0.0003213953488372093 71500
1764921344302 0.0003201450362590648 72000
1764921627934 0.00031889722430607654 72500
1764921839372 0.00031764691172793196 73000
1764922050808 0.0003163965991497875 73500
1764922262235 0.0003151462865716429 74000
1764922474505 0.00031389847461865466 74500
1764922685984 0.0003126481620405101 75000
1764922899883 0.0003113978494623656 75500
1764923111346 0.00031014753688422104 76000
1764923391335 0.0003088972243060765 76500
1764923603598 0.000307646911727932 77000
1764923815000 0.00030639659914978747 77500
1764924026414 0.0003051462865716429 78000
1764924237822 0.0003038984746186547 78500
1764924450061 0.00030265066266566644 79000
1764924661461 0.0003014028507126782 79500
1764924872860 0.00030015253813453366 80000
1764925156337 0.00029890222555638914 80500
1764925367779 0.00029765191297824456 81000
1764925579233 0.00029640160040010004 81500
1764925790667 0.0002951537884471118 82000
1764926002933 0.00029390347586896726 82500
1764926214429 0.0002926531632908227 83000
1764926425857 0.0002914028507126782 83500
1764926637322 0.0002901550387596899 84000
1764926917326 0.0002889047261815454 84500
1764927129599 0.00028765441360340086 85000
1764927341025 0.00028640410102525633 85500
1764927552429 0.00028515378844711176 86000
1764927763845 0.00028390347586896723 86500
1764927976106 0.0002826531632908227 87000
1764928187541 0.0002814028507126782 87500
1764928398957 0.0002801525381345336 88000
1764928683152 0.0002789047261815454 88500
1764928894768 0.00027765691422855716 89000
1764929106365 0.0002764066016504126 89500
1764929317949 0.0002751562890722681 90000
1764929530428 0.00027390597649412353 90500
1764929742050 0.000272655663915979 91000
1764929953655 0.0002714078519629907 91500
1764930165282 0.00027015753938484623 92000
1764930445605 0.00026890722680670165 92500
1764930658186 0.00026765691422855713 93000
1764930869912 0.0002664066016504126 93500
1764931081635 0.0002651562890722681 94000
1764931293419 0.0002639059764941235 94500
1764931506057 0.000262655663915979 95000
1764931717794 0.00026140535133783446 95500
1764931929544 0.00026015503875968993 96000
1764932213372 0.00025890472618154536 96500
1764932425070 0.0002576544136034009 97000
1764932636759 0.00025640660165041263 97500
1764932848473 0.00025515628907226806 98000
1764933061027 0.00025390597649412353 98500
1764933272711 0.000252655663915979 99000
1764933484380 0.0002514053513378345 99500
1764933696050 0.0002501550387596899 100000
1764933976319 0.0002489047261815454 100500
1764934188784 0.00024765691422855713 101000
1764934400373 0.0002464091022755689 101500
1764934611983 0.00024515878969742436 102000
1764934823588 0.00024390847711927983 102500
1764935036100 0.00024265816454113528 103000
1764935247789 0.00024140785196299076 103500
1764935459366 0.0002401575393848462 104000
1764935743264 0.00023890722680670168 104500
1764935954890 0.00023765691422855716 105000
1764936166518 0.0002364066016504126 105500
1764936378118 0.00023515878969742436 106000
1764936590566 0.0002339084771192798 106500
1764936802197 0.00023265816454113528 107000
1764937013806 0.00023141035258814706 107500
1764937225424 0.0002301600400100025 108000
1764937505693 0.00022890972743185798 108500
1764937718189 0.00022765941485371343 109000
1764937929824 0.00022641160290072518 109500
1764938141454 0.00022516129032258065 110000
1764938353098 0.0002239109777444361 110500
1764938565553 0.00022266066516629158 111000
1764938777208 0.00022141035258814703 111500
1764938988791 0.0002201600400100025 112000
1764939272590 0.00021891222805701425 112500
1764939484209 0.00021766441610402603 113000
1764939695808 0.00021641410352588148 113500
1764939907433 0.00021516379094773695 114000
1764940119915 0.0002139134783695924 114500
1764940331594 0.00021266316579144788 115000
1764940543185 0.00021141285321330333 115500
1764940754766 0.0002101625406351588 116000
1764941035081 0.00020891222805701425 116500
1764941247624 0.00020766191547886973 117000
1764941459281 0.00020641160290072518 117500
1764941670890 0.00020516129032258066 118000
1764941882533 0.00020391097774443613 118500
1764942095051 0.00020266066516629158 119000
1764942306756 0.00020141035258814706 119500
1764942518392 0.0002001650412603151 120000
1764942802370 0.00019891472868217055 120500
1764943014048 0.00019766441610402603 121000
1764943225638 0.00019641410352588148 121500
1764943437244 0.00019516379094773693 122000
1764943649731 0.00019391347836959238 122500
1764943861363 0.00019266316579144785 123000
1764944072974 0.00019141285321330333 123500
1764944284637 0.00019016254063515878 124000
1764944564932 0.00018891222805701426 124500
1764944777393 0.0001876619154788697 125000
1764944989055 0.00018641160290072518 125500
1764945200627 0.00018516379094773696 126000
1764945412254 0.0001839134783695924 126500
1764945624784 0.00018266316579144788 127000
1764945836398 0.0001814153538384596 127500
1764946048014 0.00018016504126031508 128000
1764946331821 0.00017891472868217055 128500
1764946543451 0.000177664416104026 129000
1764946755066 0.00017641410352588148 129500
1764946966677 0.00017516629157289323 130000
1764947179154 0.0001739159789947487 130500
1764947390768 0.00017266816704176045 131000
1764947602343 0.0001714178544636159 131500
1764947813941 0.00017016754188547138 132000
1764948094247 0.00016891722930732683 132500
1764948306718 0.0001676669167291823 133000
1764948518330 0.00016641660415103778 133500
1764948729947 0.00016516629157289323 134000
1764948941579 0.0001639159789947487 134500
1764949154060 0.00016266816704176042 135000
1764949365683 0.0001614178544636159 135500
1764949577310 0.00016016754188547135 136000
1764949861714 0.00015891722930732683 136500
1764950073363 0.0001576694173543386 137000
1764950285005 0.00015641910477619405 137500
1764950496650 0.00015516879219804953 138000
1764950709173 0.00015391847961990498 138500
1764950920800 0.00015266816704176045 139000
1764951132393 0.00015141785446361593 139500
1764951343951 0.00015016754188547138 140000
1764951624192 0.00014891722930732685 140500
1764951836649 0.0001476669167291823 141000
1764952048266 0.00014641660415103778 141500
1764952259871 0.00014516879219804953 142000
1764952471985 0.00014391847961990498 142500
1764952685009 0.00014266816704176045 143000
1764952896774 0.0001414178544636159 143500
1764953108638 0.00014017004251062765 144000
1764953393723 0.00013891972993248313 144500
1764953605681 0.00013766941735433857 145000
1764953817326 0.00013641910477619405 145500
1764954029007 0.0001351687921980495 146000
1764954241511 0.00013391847961990498 146500
1764954453219 0.00013266816704176043 147000
1764954664862 0.0001314203550887722 147500
1764954876504 0.00013017004251062768 148000
1764955156865 0.00012891972993248313 148500
1764955369339 0.0001276694173543386 149000
1764955580977 0.00012641910477619405 149500
1764955792607 0.00012516879219804953 150000
1764956006439 0.00012391847961990498 150500
1764956218907 0.00012266816704176043 151000
1764956430386 0.00012142035508877219 151500
1764956641878 0.00012017004251062766 152000
1764956926410 0.00011892223055763941 152500
1764957137923 0.00011767191797949487 153000
1764957349395 0.00011642410602650663 153500
1764957560905 0.0001151737934483621 154000
1764957773263 0.00011392348087021756 154500
1764957984791 0.00011267316829207302 155000
1764958196243 0.00011142285571392849 155500
1764958407741 0.00011017254313578395 156000
1764958687821 0.00010892223055763941 156500
1764958900169 0.00010767191797949489 157000
1764959111731 0.00010642160540135035 157500
1764959323220 0.0001051712928232058 158000
1764959534748 0.00010392098024506126 158500
1764959747196 0.00010267066766691673 159000
1764959958791 0.00010142285571392849 159500
1764960170267 0.00010017254313578395 160000
1764960454023 9.892223055763941e-05 160500
1764960665491 9.767191797949488e-05 161000
1764960876937 9.642160540135034e-05 161500
1764961088379 9.51712928232058e-05 162000
1764961300635 9.392348087021756e-05 162500
1764961512094 9.267316829207302e-05 163000
1764961723511 9.142285571392849e-05 163500
1764961934967 9.017254313578395e-05 164000
1764962214955 8.892223055763941e-05 164500
1764962427230 8.767441860465117e-05 165000
1764962638678 8.642410602650664e-05 165500
1764962850084 8.51737934483621e-05 166000
1764963061519 8.392348087021756e-05 166500
1764963273792 8.267316829207303e-05 167000
1764963485246 8.142285571392849e-05 167500
1764963696743 8.017504376094024e-05 168000
1764963981362 7.89247311827957e-05 168500
1764964192992 7.767441860465116e-05 169000
1764964404491 7.642410602650662e-05 169500
1764964615937 7.517379344836209e-05 170000
1764964828296 7.392348087021755e-05 170500
1764965039736 7.267566891722931e-05 171000
1764965251188 7.142535633908477e-05 171500
1764965462619 7.017504376094024e-05 172000
1764965742683 6.89247311827957e-05 172500
1764965955033 6.767441860465116e-05 173000
1764966166502 6.64291072768192e-05 173500
1764966377932 6.517879469867467e-05 174000
1764966589370 6.392848212053013e-05 174500
1764966801717 6.26781695423856e-05 175000
1764967013155 6.142785696424106e-05 175500
1764967224544 6.018004501125281e-05 176000
1764967508667 5.8929732433108275e-05 176500
1764967720131 5.7679419854963745e-05 177000
1764967931604 5.642910727681921e-05 177500
1764968143039 5.517879469867467e-05 178000
1764968355412 5.392848212053013e-05 178500
1764968566880 5.26781695423856e-05 179000
1764968778340 5.1427856964241066e-05 179500
1764968989828 5.017754438609653e-05 180000
1764969269907 4.8927231807951985e-05 180500
1764969482244 4.767941985496374e-05 181000
1764969693693 4.64291072768192e-05 181500
1764969905182 4.517879469867467e-05 182000
1764970116705 4.3928482120530134e-05 182500
1764970329087 4.26781695423856e-05 183000
1764970540650 4.142785696424106e-05 183500
1764970752141 4.017754438609652e-05 184000
1764971036864 3.892723180795199e-05 184500
1764971248335 3.7679419854963746e-05 185000
1764971459806 3.64291072768192e-05 185500
1764971671306 3.5178794698674665e-05 186000
1764971883625 3.393098274568642e-05 186500
1764972095095 3.268067016754189e-05 187000
1764972306538 3.143035758939735e-05 187500
1764972518030 3.0180045011252815e-05 188000
1764972798112 2.8929732433108277e-05 188500
1764973010498 2.7679419854963744e-05 189000
1764973221977 2.6429107276819203e-05 189500
1764973433408 2.5181295323830957e-05 190000
1764973644913 2.3930982745686423e-05 190500
1764973857310 2.2680670167541886e-05 191000
1764974068827 2.1430357589397353e-05 191500
1764974280281 2.0180045011252812e-05 192000
1764974564307 1.8929732433108275e-05 192500
1764974775833 1.767941985496374e-05 193000
1764974987301 1.6431607901975495e-05 193500
1764975198779 1.5181295323830958e-05 194000
1764975411186 1.3930982745686422e-05 194500
1764975622796 1.2680670167541885e-05 195000
1764975834269 1.143035758939735e-05 195500
1764976045772 1.0180045011252813e-05 196000
1764976325871 8.932233058264567e-06 196500
1764976538185 7.68192048012003e-06 197000
1764976749699 6.431607901975494e-06 197500
1764976961633 5.181295323830958e-06 198000
1764977173583 3.933483370842711e-06 198500
1764977386447 2.6831707926981744e-06 199000
1764977598429 1.4328582145536384e-06 199500
1764977810164 1.8254563640910228e-07 200000
