1764889894430 14.5309 500
1764890105714 5.3898 1000
1764890316958 5.1348 1500
1764890528234 4.9611 2000
1764890740371 4.8097 2500
1764890951677 4.6563 3000
1764891162968 4.5174 3500
1764891374268 4.4106 4000
1764891654657 4.3244 4500
1764891866808 4.2552 5000
1764892078189 4.1947 5500
1764892289503 4.1427 6000
1764892500808 4.0988 6500
1764892713010 4.0608 7000
1764892924366 4.0219 7500
1764893135702 3.9942 8000
1764893419107 3.9667 8500
1764893630459 3.9394 9000
1764893841790 3.9126 9500
1764894053181 3.8939 10000
1764894265367 3.8726 10500
1764894476811 3.8557 11000
1764894688210 3.8362 11500
1764894899550 3.8205 12000
1764895179478 3.8067 12500
1764895391695 3.7955 13000
1764895603084 3.7749 13500
1764895814434 3.7662 14000
1764896025795 3.7528 14500
1764896238026 3.7438 15000
1764896449396 3.7317 15500
1764896660750 3.7235 16000
1764896944214 3.7125 16500
1764897155579 3.7021 17000
1764897366970 3.6944 17500
1764897578333 3.6817 18000
1764897790538 3.6767 18500
1764898001952 3.6715 19000
1764898213284 3.6577 19500
1764898424621 3.6527 20000
1764898704605 3.6468 20500
1764898916881 3.6403 21000
1764899128307 3.6356 21500
1764899339752 3.6271 22000
1764899551115 3.6216 22500
1764899763381 3.6147 23000
1764899974950 3.608 23500
1764900186339 3.6029 24000
1764900470002 3.5987 24500
1764900681457 3.5923 25000
1764900892906 3.5863 25500
1764901104354 3.5807 26000
1764901316703 3.5765 26500
1764901528188 3.5713 27000
1764901739625 3.5683 27500
1764901951097 3.5617 28000
1764902231065 3.561 28500
1764902443328 3.554 29000
1764902654749 3.5514 29500
1764902866173 3.5454 30000
1764903077569 3.5395 30500
1764903289848 3.5356 31000
1764903501310 3.5329 31500
1764903712710 3.5315 32000
1764903996196 3.5255 32500
1764904207613 3.5227 33000
1764904419006 3.5159 33500
1764904630418 3.5153 34000
1764904842659 3.5137 34500
1764905054056 3.5089 35000
1764905265441 3.5046 35500
1764905476818 3.502 36000
1764905756732 3.4987 36500
1764905968966 3.4951 37000
1764906180390 3.4908 37500
1764906391761 3.4917 38000
1764906603149 3.4882 38500
1764906815393 3.483 39000
1764907026830 3.484 39500
1764907238240 3.4815 40000
1764907521740 3.4771 40500
1764907733149 3.4742 41000
1764907944528 3.4733 41500
1764908155920 3.4669 42000
1764908368133 3.4688 42500
1764908579512 3.4634 43000
1764908790851 3.4624 43500
1764909002194 3.4561 44000
1764909282137 3.4596 44500
1764909494370 3.4547 45000
1764909705792 3.4493 45500
1764909917232 3.4488 46000
1764910128701 3.4466 46500
1764910340969 3.4403 47000
1764910552370 3.4436 47500
1764910763834 3.4385 48000
1764911047311 3.4374 48500
1764911258703 3.4347 49000
1764911470063 3.4345 49500
1764911681438 3.4311 50000
1764911893731 3.4286 50500
1764912105162 3.4243 51000
1764912316760 3.4283 51500
1764912528156 3.4232 52000
1764912808197 3.4188 52500
1764913020620 3.4171 53000
1764913232077 3.4145 53500
1764913443504 3.4165 54000
1764913654944 3.4158 54500
1764913867229 3.4102 55000
1764914079332 3.4079 55500
1764914290767 3.4084 56000
1764914574365 3.405 56500
1764914785803 3.405 57000
1764914997280 3.4001 57500
1764915208735 3.3985 58000
1764915420986 3.3992 58500
1764915632488 3.3979 59000
1764915844061 3.3945 59500
1764916056023 3.3945 60000
1764916336375 3.394 60500
1764916548646 3.3905 61000
1764916760091 3.3883 61500
1764916971508 3.3868 62000
1764917182902 3.3864 62500
1764917395124 3.3831 63000
1764917606514 3.383 63500
1764917817902 3.3837 64000
1764918101481 3.3807 64500
1764918312907 3.3782 65000
1764918524305 3.3761 65500
1764918735715 3.3749 66000
1764918947972 3.3716 66500
1764919159407 3.3688 67000
1764919370805 3.371 67500
1764919582225 3.3672 68000
1764919862160 3.3688 68500
1764920074427 3.3688 69000
1764920285819 3.3668 69500
1764920497192 3.3662 70000
1764920708622 3.3623 70500
1764920920846 3.3633 71000
1764921132843 3.3615 71500
1764921344302 3.3559 72000
1764921627934 3.3579 72500
1764921839372 3.3549 73000
1764922050808 3.351 73500
1764922262235 3.354 74000
1764922474505 3.3488 74500
1764922685984 3.3494 75000
1764922899883 3.3402 75500
1764923111346 3.3352 76000
1764923391335 3.3342 76500
1764923603598 3.3331 77000
1764923815000 3.3319 77500
1764924026414 3.3302 78000
1764924237822 3.3275 78500
1764924450061 3.3316 79000
1764924661461 3.3282 79500
1764924872860 3.3303 80000
1764925156337 3.3262 80500
1764925367779 3.3272 81000
1764925579233 3.3227 81500
1764925790667 3.325 82000
1764926002933 3.3213 82500
1764926214429 3.3226 83000
1764926425857 3.3203 83500
1764926637322 3.3208 84000
1764926917326 3.321 84500
1764927129599 3.3182 85000
1764927341025 3.319 85500
1764927552429 3.3174 86000
1764927763845 3.313 86500
1764927976106 3.3161 87000
1764928187541 3.3098 87500
1764928398957 3.314 88000
1764928683152 3.3119 88500
1764928894768 3.3093 89000
1764929106365 3.3105 89500
1764929317949 3.3071 90000
1764929530428 3.3063 90500
1764929742050 3.3046 91000
1764929953655 3.3034 91500
1764930165282 3.3037 92000
1764930445605 3.3049 92500
1764930658186 3.3016 93000
1764930869912 3.2993 93500
1764931081635 3.3027 94000
1764931293419 3.2988 94500
1764931506057 3.2979 95000
1764931717794 3.2988 95500
1764931929544 3.2943 96000
1764932213372 3.2931 96500
1764932425070 3.2967 97000
1764932636759 3.2919 97500
1764932848473 3.2932 98000
1764933061027 3.2905 98500
1764933272711 3.2909 99000
1764933484380 3.2886 99500
1764933696050 3.2881 100000
1764933976319 3.2839 100500
1764934188784 3.2857 101000
1764934400373 3.2861 101500
1764934611983 3.2827 102000
1764934823588 3.2833 102500
1764935036100 3.281 103000
1764935247789 3.2817 103500
1764935459366 3.2783 104000
1764935743264 3.2805 104500
1764935954890 3.2757 105000
1764936166518 3.274 105500
1764936378118 3.2758 106000
1764936590566 3.2754 106500
1764936802197 3.2742 107000
1764937013806 3.2748 107500
1764937225424 3.2715 108000
1764937505693 3.2729 108500
1764937718189 3.2706 109000
1764937929824 3.2665 109500
1764938141454 3.2711 110000
1764938353098 3.2668 110500
1764938565553 3.269 111000
1764938777208 3.2669 111500
1764938988791 3.266 112000
1764939272590 3.2643 112500
1764939484209 3.2636 113000
1764939695808 3.2631 113500
1764939907433 3.2624 114000
1764940119915 3.2614 114500
1764940331594 3.2573 115000
1764940543185 3.2605 115500
1764940754766 3.2596 116000
1764941035081 3.2608 116500
1764941247624 3.2568 117000
1764941459281 3.2554 117500
1764941670890 3.2552 118000
1764941882533 3.2565 118500
1764942095051 3.2532 119000
1764942306756 3.2533 119500
1764942518392 3.2534 120000
1764942802370 3.2503 120500
1764943014048 3.252 121000
1764943225638 3.2489 121500
1764943437244 3.2498 122000
1764943649731 3.2505 122500
1764943861363 3.2445 123000
1764944072974 3.2493 123500
1764944284637 3.2458 124000
1764944564932 3.2438 124500
1764944777393 3.2422 125000
1764944989055 3.241 125500
1764945200627 3.2435 126000
1764945412254 3.2394 126500
1764945624784 3.2416 127000
1764945836398 3.2385 127500
1764946048014 3.2384 128000
1764946331821 3.2384 128500
1764946543451 3.2376 129000
1764946755066 3.2393 129500
1764946966677 3.2351 130000
1764947179154 3.2306 130500
1764947390768 3.2336 131000
1764947602343 3.2323 131500
1764947813941 3.2312 132000
1764948094247 3.2291 132500
1764948306718 3.2294 133000
1764948518330 3.2311 133500
1764948729947 3.2285 134000
1764948941579 3.2293 134500
1764949154060 3.2294 135000
1764949365683 3.2271 135500
1764949577310 3.2242 136000
1764949861714 3.2243 136500
1764950073363 3.225 137000
1764950285005 3.2232 137500
1764950496650 3.2229 138000
1764950709173 3.2208 138500
1764950920800 3.2244 139000
1764951132393 3.2185 139500
1764951343951 3.22 140000
1764951624192 3.2202 140500
1764951836649 3.2183 141000
1764952048266 3.2178 141500
1764952259871 3.2143 142000
1764952471985 3.2174 142500
1764952685009 3.2135 143000
1764952896774 3.2141 143500
1764953108638 3.2131 144000
1764953393723 3.2125 144500
1764953605681 3.2136 145000
1764953817326 3.2157 145500
1764954029007 3.2108 146000
1764954241511 3.209 146500
1764954453219 3.2098 147000
1764954664862 3.2093 147500
1764954876504 3.2068 148000
1764955156865 3.2066 148500
1764955369339 3.2056 149000
1764955580977 3.2032 149500
1764955792607 3.2048 150000
1764956006439 3.2014 150500
1764956218907 3.1896 151000
1764956430386 3.19 151500
1764956641878 3.1857 152000
1764956926410 3.1888 152500
1764957137923 3.1869 153000
1764957349395 3.1891 153500
1764957560905 3.1873 154000
1764957773263 3.1892 154500
1764957984791 3.1856 155000
1764958196243 3.1858 155500
1764958407741 3.1849 156000
1764958687821 3.1849 156500
1764958900169 3.1834 157000
1764959111731 3.1844 157500
1764959323220 3.1844 158000
1764959534748 3.1815 158500
1764959747196 3.1809 159000
1764959958791 3.1821 159500
1764960170267 3.1813 160000
1764960454023 3.1815 160500
1764960665491 3.1807 161000
1764960876937 3.1803 161500
1764961088379 3.1776 162000
1764961300635 3.1789 162500
1764961512094 3.1749 163000
1764961723511 3.1737 163500
1764961934967 3.1763 164000
1764962214955 3.1753 164500
1764962427230 3.1739 165000
1764962638678 3.1748 165500
1764962850084 3.1713 166000
1764963061519 3.1759 166500
1764963273792 3.1724 167000
1764963485246 3.1743 167500
1764963696743 3.17 168000
1764963981362 3.1689 168500
1764964192992 3.1722 169000
1764964404491 3.1705 169500
1764964615937 3.1696 170000
1764964828296 3.1682 170500
1764965039736 3.1659 171000
1764965251188 3.1662 171500
1764965462619 3.1663 172000
1764965742683 3.1658 172500
1764965955033 3.1665 173000
1764966166502 3.168 173500
1764966377932 3.1642 174000
1764966589370 3.1667 174500
1764966801717 3.1606 175000
1764967013155 3.1635 175500
1764967224544 3.1644 176000
1764967508667 3.1626 176500
1764967720131 3.1597 177000
1764967931604 3.1586 177500
1764968143039 3.1598 178000
1764968355412 3.1594 178500
1764968566880 3.1586 179000
1764968778340 3.1602 179500
1764968989828 3.1562 180000
1764969269907 3.1533 180500
1764969482244 3.1544 181000
1764969693693 3.1539 181500
1764969905182 3.1533 182000
1764970116705 3.1511 182500
1764970329087 3.1533 183000
1764970540650 3.1541 183500
1764970752141 3.155 184000
1764971036864 3.1523 184500
1764971248335 3.1525 185000
1764971459806 3.15 185500
1764971671306 3.1489 186000
1764971883625 3.15 186500
1764972095095 3.1465 187000
1764972306538 3.1479 187500
1764972518030 3.1497 188000
1764972798112 3.1439 188500
1764973010498 3.1477 189000
1764973221977 3.1455 189500
1764973433408 3.146 190000
1764973644913 3.1451 190500
1764973857310 3.143 191000
1764974068827 3.1412 191500
1764974280281 3.1418 192000
1764974564307 3.143 192500
1764974775833 3.1441 193000
1764974987301 3.139 193500
1764975198779 3.1422 194000
1764975411186 3.1432 194500
1764975622796 3.1409 195000
1764975834269 3.1377 195500
1764976045772 3.1408 196000
1764976325871 3.1366 196500
1764976538185 3.1383 197000
1764976749699 3.134 197500
1764976961633 3.1383 198000
1764977173583 3.1356 198500
1764977386447 3.14 199000
1764977598429 3.1343 199500
1764977810164 3.1348 200000
